Day,1,11,119,772,82.72727272727273,-1.0
Day,2,11,137,752,75.45454545454545,-1.0
Day,3,11,156,733,68.18181818181819,-1.0
Day,4,11,175,715,60.0,-1.0
Day,5,11,194,695,50.90909090909091,-1.0
Day,6,10,213,679,51.0,5.0
Day,7,10,233,657,41.0,5.0
Day,8,10,253,637,31.0,5.0
Day,9,8,273,619,28.75,7.666666666666667
Day,10,8,293,599,18.75,7.666666666666667
Day,11,4,313,583,27.5,9.571428571428571
Day,12,4,332,564,30.0,9.571428571428571
Day,13,3,352,545,30.0,10.0
Day,14,3,371,527,36.666666666666664,10.0
Day,15,3,389,508,60.0,10.0
Day,16,3,407,490,76.66666666666667,10.0
Day,17,3,426,472,73.33333333333333,10.0
Day,18,3,445,452,66.66666666666667,10.0
Day,19,3,465,432,56.666666666666664,10.0
Day,20,3,483,414,66.66666666666667,10.0
Day,21,2,503,395,90.0,11.222222222222221
Day,22,2,521,377,100.0,11.222222222222221
Day,23,2,541,357,90.0,11.222222222222221
Day,24,2,560,339,90.0,11.222222222222221
Day,25,2,580,318,80.0,11.222222222222221
Day,26,2,598,300,100.0,11.222222222222221
Day,27,2,617,281,95.0,11.222222222222221
Day,28,2,635,263,100.0,11.222222222222221
Day,29,2,655,243,90.0,11.222222222222221
Day,30,2,673,226,100.0,11.222222222222221
Day,31,2,691,208,100.0,11.222222222222221
Day,33,2,709,190,100.0,11.222222222222221
Day,34,2,727,172,100.0,11.222222222222221
Day,35,2,746,153,95.0,11.222222222222221
Day,36,2,765,134,90.0,11.222222222222221
Day,37,2,783,117,100.0,11.222222222222221
Day,38,2,801,98,100.0,11.222222222222221
Day,39,2,819,80,100.0,11.222222222222221
Day,40,2,838,61,95.0,11.222222222222221
Day,41,2,856,43,100.0,11.222222222222221
Day,42,2,874,26,100.0,11.222222222222221
Day,43,2,892,8,100.0,11.222222222222221
Day,44,2,900,0,100.0,11.222222222222221
Day,45,2,900,0,100.0,11.222222222222221
Day,46,2,900,0,100.0,11.222222222222221
Day,47,2,900,0,100.0,11.222222222222221
Day,48,2,900,0,100.0,11.222222222222221
Day,49,2,900,0,100.0,11.222222222222221
Day,50,2,900,0,100.0,11.222222222222221
Day,51,2,900,0,100.0,11.222222222222221
Day,52,2,900,0,100.0,11.222222222222221
Day,53,2,900,0,100.0,11.222222222222221
Day,54,2,900,0,100.0,11.222222222222221
Day,55,2,900,0,100.0,11.222222222222221
Day,56,2,900,0,100.0,11.222222222222221
Day,57,2,900,0,100.0,11.222222222222221
Day,58,2,900,0,100.0,11.222222222222221
Day,59,2,900,0,100.0,11.222222222222221
Day,60,2,900,0,100.0,11.222222222222221
Day,61,2,900,0,100.0,11.222222222222221
Day,62,2,900,0,100.0,11.222222222222221
Day,63,2,900,0,100.0,11.222222222222221
Day,64,2,900,0,100.0,11.222222222222221
Day,65,2,900,0,100.0,11.222222222222221
Day,66,2,900,0,100.0,11.222222222222221
Day,67,2,900,0,100.0,11.222222222222221
Day,68,2,900,0,100.0,11.222222222222221
Day,69,2,900,0,100.0,11.222222222222221
Day,70,2,900,0,100.0,11.222222222222221
Day,71,2,900,0,100.0,11.222222222222221
Day,72,2,900,0,100.0,11.222222222222221
Day,73,2,900,0,100.0,11.222222222222221
Day,74,2,900,0,100.0,11.222222222222221
Day,75,2,900,0,100.0,11.222222222222221
Day,76,2,900,0,100.0,11.222222222222221
Day,77,2,900,0,100.0,11.222222222222221
Day,78,2,900,0,100.0,11.222222222222221
Day,79,2,900,0,100.0,11.222222222222221
Day,80,2,900,0,100.0,11.222222222222221
Day,81,2,900,0,100.0,11.222222222222221
Day,82,2,900,0,100.0,11.222222222222221
Day,83,2,900,0,100.0,11.222222222222221
Day,84,2,900,0,100.0,11.222222222222221
Day,85,2,900,0,100.0,11.222222222222221
Day,86,2,900,0,100.0,11.222222222222221
Day,87,2,900,0,100.0,11.222222222222221
Day,88,2,900,0,100.0,11.222222222222221
Day,89,2,900,0,100.0,11.222222222222221
Day,90,2,900,0,100.0,11.222222222222221
Day,91,2,900,0,100.0,11.222222222222221
Day,92,2,900,0,100.0,11.222222222222221
Day,93,2,900,0,100.0,11.222222222222221
Day,94,2,900,0,100.0,11.222222222222221
Day,95,2,900,0,100.0,11.222222222222221
Day,96,2,900,0,100.0,11.222222222222221
Day,97,2,900,0,100.0,11.222222222222221
Day,98,2,900,0,100.0,11.222222222222221
Day,99,2,900,0,100.0,11.222222222222221
Day,100,2,900,0,100.0,11.222222222222221
Day,101,2,900,0,100.0,11.222222222222221
Day,102,2,900,0,100.0,11.222222222222221
Day,103,2,900,0,100.0,11.222222222222221
Day,104,2,900,0,100.0,11.222222222222221
Day,105,2,900,0,100.0,11.222222222222221
Day,106,2,900,0,100.0,11.222222222222221
Day,107,2,900,0,100.0,11.222222222222221
Day,108,2,900,0,100.0,11.222222222222221
Day,109,2,900,0,100.0,11.222222222222221
Day,110,2,900,0,100.0,11.222222222222221
Day,111,2,900,0,100.0,11.222222222222221
Day,112,2,900,0,100.0,11.222222222222221
Day,113,2,900,0,100.0,11.222222222222221
Day,114,2,900,0,100.0,11.222222222222221
Day,115,2,900,0,100.0,11.222222222222221
Day,116,2,900,0,100.0,11.222222222222221
Day,117,2,900,0,100.0,11.222222222222221
Day,118,2,900,0,100.0,11.222222222222221
Day,119,2,900,0,100.0,11.222222222222221
Day,120,2,900,0,100.0,11.222222222222221
Day,121,2,900,0,100.0,11.222222222222221
Day,122,2,900,0,100.0,11.222222222222221
Day,123,2,900,0,100.0,11.222222222222221
Day,124,2,900,0,100.0,11.222222222222221
Day,125,2,900,0,100.0,11.222222222222221
Day,126,2,900,0,100.0,11.222222222222221
Day,127,2,900,0,100.0,11.222222222222221
Day,128,2,900,0,100.0,11.222222222222221
Day,129,2,900,0,100.0,11.222222222222221
Day,130,2,900,0,100.0,11.222222222222221
Day,131,2,900,0,100.0,11.222222222222221
Day,132,2,900,0,100.0,11.222222222222221
Day,133,2,900,0,100.0,11.222222222222221
Day,134,2,900,0,100.0,11.222222222222221
Day,135,2,900,0,100.0,11.222222222222221
Day,136,2,900,0,100.0,11.222222222222221
Day,137,2,900,0,100.0,11.222222222222221
Day,138,2,900,0,100.0,11.222222222222221
Day,139,2,900,0,100.0,11.222222222222221
Day,140,2,900,0,100.0,11.222222222222221
Day,141,2,900,0,100.0,11.222222222222221
Day,142,2,900,0,100.0,11.222222222222221
Day,143,2,900,0,100.0,11.222222222222221
Day,144,2,900,0,100.0,11.222222222222221
Day,145,2,900,0,100.0,11.222222222222221
Day,146,2,900,0,100.0,11.222222222222221
Day,147,2,900,0,100.0,11.222222222222221
Day,148,2,900,0,100.0,11.222222222222221
Day,149,2,900,0,100.0,11.222222222222221
Day,150,2,900,0,100.0,11.222222222222221
Day,151,2,900,0,100.0,11.222222222222221
Day,152,2,900,0,100.0,11.222222222222221
Day,153,2,900,0,100.0,11.222222222222221
Day,154,2,900,0,100.0,11.222222222222221
Day,155,2,900,0,100.0,11.222222222222221
Day,156,2,900,0,100.0,11.222222222222221
Day,157,2,900,0,100.0,11.222222222222221
Day,158,2,900,0,100.0,11.222222222222221
Day,159,2,900,0,100.0,11.222222222222221
Day,160,2,900,0,100.0,11.222222222222221
Day,161,2,900,0,100.0,11.222222222222221
Day,162,2,900,0,100.0,11.222222222222221
Day,163,2,900,0,100.0,11.222222222222221
Day,164,2,900,0,100.0,11.222222222222221
Day,165,2,900,0,100.0,11.222222222222221
Day,166,2,900,0,100.0,11.222222222222221
Day,167,2,900,0,100.0,11.222222222222221
Day,168,2,900,0,100.0,11.222222222222221
Day,169,2,900,0,100.0,11.222222222222221
Day,170,2,900,0,100.0,11.222222222222221
Day,171,2,900,0,100.0,11.222222222222221
Day,172,2,900,0,100.0,11.222222222222221
Day,173,2,900,0,100.0,11.222222222222221
Day,174,2,900,0,100.0,11.222222222222221
Day,175,2,900,0,100.0,11.222222222222221
Day,176,2,900,0,100.0,11.222222222222221
Day,177,2,900,0,100.0,11.222222222222221
Day,178,2,900,0,100.0,11.222222222222221
Day,179,2,900,0,100.0,11.222222222222221
Day,180,2,900,0,100.0,11.222222222222221
Day,181,2,900,0,100.0,11.222222222222221
Day,182,2,900,0,100.0,11.222222222222221
Day,183,2,900,0,100.0,11.222222222222221
Day,184,2,900,0,100.0,11.222222222222221
Day,185,2,900,0,100.0,11.222222222222221
Day,186,2,900,0,100.0,11.222222222222221
Day,187,2,900,0,100.0,11.222222222222221
Day,188,2,900,0,100.0,11.222222222222221
Day,189,2,900,0,100.0,11.222222222222221
Day,190,2,900,0,100.0,11.222222222222221
Day,191,2,900,0,100.0,11.222222222222221
Day,192,2,900,0,100.0,11.222222222222221
Day,193,2,900,0,100.0,11.222222222222221
Day,194,2,900,0,100.0,11.222222222222221
Day,195,2,900,0,100.0,11.222222222222221
Day,196,2,900,0,100.0,11.222222222222221
Day,197,2,900,0,100.0,11.222222222222221
Day,198,2,900,0,100.0,11.222222222222221
Day,199,2,900,0,100.0,11.222222222222221
Day,200,2,900,0,100.0,11.222222222222221
Day,201,2,900,0,100.0,11.222222222222221
Day,202,2,900,0,100.0,11.222222222222221
Day,203,2,900,0,100.0,11.222222222222221
Day,204,2,900,0,100.0,11.222222222222221
Day,205,2,900,0,100.0,11.222222222222221
Day,206,2,900,0,100.0,11.222222222222221
Day,207,2,900,0,100.0,11.222222222222221
Day,208,2,900,0,100.0,11.222222222222221
Day,209,2,900,0,100.0,11.222222222222221
Day,210,2,900,0,100.0,11.222222222222221
Day,211,2,900,0,100.0,11.222222222222221
Day,212,2,900,0,100.0,11.222222222222221
