Day,1,10,120,770,90.0,-1.0
Day,2,10,139,752,82.0,-1.0
Day,3,10,157,733,76.0,-1.0
Day,4,10,176,714,70.0,-1.0
Day,5,10,194,696,66.0,-1.0
Day,6,10,213,678,59.0,-1.0
Day,7,10,231,660,55.0,-1.0
Day,8,10,250,642,46.0,-1.0
Day,9,10,267,624,46.0,-1.0
Day,10,10,286,605,37.0,-1.0
Day,11,6,303,593,65.0,11.0
Day,12,6,322,573,56.666666666666664,11.0
Day,13,6,338,557,65.0,11.0
Day,14,5,357,539,70.0,11.6
Day,15,5,375,521,66.0,11.6
Day,16,4,394,503,75.0,12.333333333333334
Day,17,4,412,486,72.5,12.333333333333334
Day,18,4,430,467,67.5,12.333333333333334
Day,19,4,447,451,75.0,12.333333333333334
Day,20,4,465,432,80.0,12.333333333333334
Day,21,4,484,413,72.5,12.333333333333334
Day,22,4,501,396,85.0,12.333333333333334
Day,23,4,519,378,90.0,12.333333333333334
Day,24,4,538,358,85.0,12.333333333333334
Day,25,4,556,341,92.5,12.333333333333334
Day,26,4,573,324,95.0,12.333333333333334
Day,27,4,592,305,87.5,12.333333333333334
Day,28,4,609,288,90.0,12.333333333333334
Day,29,4,626,271,87.5,12.333333333333334
Day,30,4,644,253,92.5,12.333333333333334
Day,31,4,661,236,95.0,12.333333333333334
Day,32,4,678,219,97.5,12.333333333333334
Day,33,4,694,203,100.0,12.333333333333334
Day,34,4,711,187,97.5,12.333333333333334
Day,35,4,729,168,92.5,12.333333333333334
Day,36,4,748,149,85.0,12.333333333333334
Day,37,4,766,132,87.5,12.333333333333334
Day,38,4,783,114,90.0,12.333333333333334
Day,39,4,800,99,87.5,12.333333333333334
Day,40,4,816,81,97.5,12.333333333333334
Day,41,4,832,67,100.0,12.333333333333334
Day,42,4,849,49,97.5,12.333333333333334
Day,43,4,866,32,95.0,12.333333333333334
Day,44,4,882,17,100.0,12.333333333333334
Day,45,4,898,2,100.0,12.333333333333334
Day,46,4,900,0,100.0,12.333333333333334
Day,47,4,900,0,100.0,12.333333333333334
Day,48,4,900,0,100.0,12.333333333333334
Day,49,4,900,0,100.0,12.333333333333334
Day,50,4,900,0,100.0,12.333333333333334
Day,51,4,900,0,100.0,12.333333333333334
Day,52,4,900,0,100.0,12.333333333333334
Day,53,4,900,0,100.0,12.333333333333334
Day,54,4,900,0,100.0,12.333333333333334
Day,55,4,900,0,100.0,12.333333333333334
Day,56,4,900,0,100.0,12.333333333333334
Day,57,4,900,0,100.0,12.333333333333334
Day,58,4,900,0,100.0,12.333333333333334
Day,59,4,900,0,100.0,12.333333333333334
Day,60,4,900,0,100.0,12.333333333333334
Day,61,4,900,0,100.0,12.333333333333334
Day,62,4,900,0,100.0,12.333333333333334
Day,63,4,900,0,100.0,12.333333333333334
Day,64,4,900,0,100.0,12.333333333333334
Day,65,4,900,0,100.0,12.333333333333334
Day,66,4,900,0,100.0,12.333333333333334
Day,67,4,900,0,100.0,12.333333333333334
Day,68,4,900,0,100.0,12.333333333333334
Day,69,4,900,0,100.0,12.333333333333334
Day,70,4,900,0,100.0,12.333333333333334
Day,71,4,900,0,100.0,12.333333333333334
Day,72,4,900,0,100.0,12.333333333333334
Day,73,4,900,0,100.0,12.333333333333334
Day,74,4,900,0,100.0,12.333333333333334
Day,75,4,900,0,100.0,12.333333333333334
Day,76,4,900,0,100.0,12.333333333333334
Day,77,4,900,0,100.0,12.333333333333334
Day,78,4,900,0,100.0,12.333333333333334
Day,79,4,900,0,100.0,12.333333333333334
Day,80,4,900,0,100.0,12.333333333333334
Day,81,4,900,0,100.0,12.333333333333334
Day,82,4,900,0,100.0,12.333333333333334
Day,83,4,900,0,100.0,12.333333333333334
Day,84,4,900,0,100.0,12.333333333333334
Day,85,4,900,0,100.0,12.333333333333334
Day,86,4,900,0,100.0,12.333333333333334
Day,87,4,900,0,100.0,12.333333333333334
Day,88,4,900,0,100.0,12.333333333333334
Day,89,4,900,0,100.0,12.333333333333334
Day,90,4,900,0,100.0,12.333333333333334
Day,91,4,900,0,100.0,12.333333333333334
Day,92,4,900,0,100.0,12.333333333333334
Day,93,4,900,0,100.0,12.333333333333334
Day,94,4,900,0,100.0,12.333333333333334
Day,95,4,900,0,100.0,12.333333333333334
Day,96,4,900,0,100.0,12.333333333333334
Day,97,4,900,0,100.0,12.333333333333334
Day,98,4,900,0,100.0,12.333333333333334
Day,99,4,900,0,100.0,12.333333333333334
Day,100,4,900,0,100.0,12.333333333333334
Day,101,4,900,0,100.0,12.333333333333334
Day,102,4,900,0,100.0,12.333333333333334
Day,103,4,900,0,100.0,12.333333333333334
Day,104,4,900,0,100.0,12.333333333333334
Day,105,4,900,0,100.0,12.333333333333334
Day,106,4,900,0,100.0,12.333333333333334
Day,107,4,900,0,100.0,12.333333333333334
Day,108,4,900,0,100.0,12.333333333333334
Day,109,4,900,0,100.0,12.333333333333334
Day,110,4,900,0,100.0,12.333333333333334
Day,111,4,900,0,100.0,12.333333333333334
Day,112,4,900,0,100.0,12.333333333333334
Day,113,4,900,0,100.0,12.333333333333334
Day,114,4,900,0,100.0,12.333333333333334
Day,115,4,900,0,100.0,12.333333333333334
Day,116,4,900,0,100.0,12.333333333333334
Day,117,4,900,0,100.0,12.333333333333334
Day,118,4,900,0,100.0,12.333333333333334
Day,119,4,900,0,100.0,12.333333333333334
Day,120,4,900,0,100.0,12.333333333333334
Day,121,4,900,0,100.0,12.333333333333334
Day,122,4,900,0,100.0,12.333333333333334
Day,123,4,900,0,100.0,12.333333333333334
Day,124,4,900,0,100.0,12.333333333333334
Day,125,4,900,0,100.0,12.333333333333334
Day,126,4,900,0,100.0,12.333333333333334
Day,127,4,900,0,100.0,12.333333333333334
Day,128,4,900,0,100.0,12.333333333333334
Day,129,4,900,0,100.0,12.333333333333334
Day,130,4,900,0,100.0,12.333333333333334
Day,131,4,900,0,100.0,12.333333333333334
Day,132,4,900,0,100.0,12.333333333333334
Day,133,4,900,0,100.0,12.333333333333334
Day,134,4,900,0,100.0,12.333333333333334
Day,135,4,900,0,100.0,12.333333333333334
Day,136,4,900,0,100.0,12.333333333333334
Day,137,4,900,0,100.0,12.333333333333334
Day,138,4,900,0,100.0,12.333333333333334
Day,139,4,900,0,100.0,12.333333333333334
Day,140,4,900,0,100.0,12.333333333333334
Day,141,4,900,0,100.0,12.333333333333334
Day,142,4,900,0,100.0,12.333333333333334
Day,143,4,900,0,100.0,12.333333333333334
Day,144,4,900,0,100.0,12.333333333333334
Day,145,4,900,0,100.0,12.333333333333334
Day,146,4,900,0,100.0,12.333333333333334
Day,147,4,900,0,100.0,12.333333333333334
Day,148,4,900,0,100.0,12.333333333333334
Day,149,4,900,0,100.0,12.333333333333334
Day,150,4,900,0,100.0,12.333333333333334
Day,151,4,900,0,100.0,12.333333333333334
Day,152,4,900,0,100.0,12.333333333333334
Day,153,4,900,0,100.0,12.333333333333334
Day,154,4,900,0,100.0,12.333333333333334
Day,155,4,900,0,100.0,12.333333333333334
Day,156,4,900,0,100.0,12.333333333333334
Day,157,4,900,0,100.0,12.333333333333334
Day,158,4,900,0,100.0,12.333333333333334
Day,159,4,900,0,100.0,12.333333333333334
Day,160,4,900,0,100.0,12.333333333333334
Day,161,4,900,0,100.0,12.333333333333334
Day,162,4,900,0,100.0,12.333333333333334
Day,163,4,900,0,100.0,12.333333333333334
Day,164,4,900,0,100.0,12.333333333333334
Day,165,4,900,0,100.0,12.333333333333334
Day,166,4,900,0,100.0,12.333333333333334
Day,167,4,900,0,100.0,12.333333333333334
Day,168,4,900,0,100.0,12.333333333333334
Day,169,4,900,0,100.0,12.333333333333334
Day,170,4,900,0,100.0,12.333333333333334
Day,171,4,900,0,100.0,12.333333333333334
Day,172,4,900,0,100.0,12.333333333333334
Day,173,4,900,0,100.0,12.333333333333334
Day,174,4,900,0,100.0,12.333333333333334
Day,175,4,900,0,100.0,12.333333333333334
Day,176,4,900,0,100.0,12.333333333333334
Day,177,4,900,0,100.0,12.333333333333334
Day,178,4,900,0,100.0,12.333333333333334
Day,179,4,900,0,100.0,12.333333333333334
Day,180,4,900,0,100.0,12.333333333333334
Day,181,4,900,0,100.0,12.333333333333334
Day,182,4,900,0,100.0,12.333333333333334
Day,183,4,900,0,100.0,12.333333333333334
Day,184,4,900,0,100.0,12.333333333333334
Day,185,4,900,0,100.0,12.333333333333334
Day,186,4,900,0,100.0,12.333333333333334
Day,187,4,900,0,100.0,12.333333333333334
Day,188,4,900,0,100.0,12.333333333333334
Day,189,4,900,0,100.0,12.333333333333334
Day,190,4,900,0,100.0,12.333333333333334
Day,191,4,900,0,100.0,12.333333333333334
Day,192,4,900,0,100.0,12.333333333333334
Day,193,4,900,0,100.0,12.333333333333334
Day,194,4,900,0,100.0,12.333333333333334
Day,195,4,900,0,100.0,12.333333333333334
Day,196,4,900,0,100.0,12.333333333333334
Day,197,4,900,0,100.0,12.333333333333334
Day,198,4,900,0,100.0,12.333333333333334
Day,199,4,900,0,100.0,12.333333333333334
Day,200,4,900,0,100.0,12.333333333333334
Day,201,4,900,0,100.0,12.333333333333334
